           3 NO. OF RAYS = No. of atmos
          64 =NO. OF DEPTH PTS           1 =RAY NUMBER
   -6.00 -6.5116E+06  3580.9  4.2725E+01  1.845E-10  2.560E-03  8.029E-04
   -5.87 -8.6229E+06  3623.3  5.3372E+01  2.281E-10  3.270E-03  8.746E-04
   -5.73 -1.0744E+07  3686.1  6.7184E+01  2.826E-10  4.322E-03  9.653E-04
   -5.60 -1.2842E+07  3743.0  8.4912E+01  3.521E-10  5.656E-03  1.075E-03
   -5.46 -1.4912E+07  3775.1  1.0573E+02  4.351E-10  7.059E-03  1.196E-03
   -5.33 -1.6982E+07  3800.6  1.2954E+02  5.300E-10  8.614E-03  1.330E-03
   -5.19 -1.9084E+07  3839.0  1.5698E+02  6.362E-10  1.059E-02  1.479E-03
   -5.06 -2.1241E+07  3873.6  1.8899E+02  7.594E-10  1.287E-02  1.647E-03
   -4.92 -2.3449E+07  3902.1  2.2728E+02  9.070E-10  1.550E-02  1.840E-03
   -4.79 -2.5698E+07  3940.4  2.7424E+02  1.084E-09  1.892E-02  2.070E-03
   -4.65 -2.7970E+07  3983.4  3.3221E+02  1.300E-09  2.328E-02  2.342E-03
   -4.52 -3.0253E+07  4027.2  4.0230E+02  1.557E-09  2.862E-02  2.659E-03
   -4.38 -3.2531E+07  4054.7  4.8664E+02  1.871E-09  3.452E-02  3.030E-03
   -4.25 -3.4808E+07  4078.7  5.8555E+02  2.239E-09  4.130E-02  3.451E-03
   -4.11 -3.7085E+07  4096.0  7.0386E+02  2.680E-09  4.900E-02  3.938E-03
   -3.98 -3.9359E+07  4114.5  8.4483E+02  3.203E-09  5.811E-02  4.498E-03
   -3.84 -4.1633E+07  4140.8  1.0147E+03  3.823E-09  6.949E-02  5.149E-03
   -3.71 -4.3888E+07  4145.6  1.2250E+03  4.611E-09  8.149E-02  5.923E-03
   -3.57 -4.6088E+07  4139.0  1.4877E+03  5.610E-09  9.458E-02  6.839E-03
   -3.44 -4.8224E+07  4136.2  1.8062E+03  6.816E-09  1.100E-01  7.890E-03
   -3.30 -5.0311E+07  4145.2  2.1851E+03  8.230E-09  1.292E-01  9.095E-03
   -3.17 -5.2369E+07  4173.6  2.6274E+03  9.829E-09  1.548E-01  1.049E-02
   -3.03 -5.4414E+07  4225.4  3.1491E+03  1.164E-08  1.905E-01  1.213E-02
   -2.90 -5.6444E+07  4296.7  3.7980E+03  1.380E-08  2.404E-01  1.413E-02
   -2.76 -5.8439E+07  4386.1  4.6144E+03  1.643E-08  3.097E-01  1.654E-02
   -2.63 -6.0395E+07  4487.6  5.6085E+03  1.951E-08  4.008E-01  1.930E-02
   -2.49 -6.2331E+07  4578.8  6.7806E+03  2.312E-08  5.084E-01  2.237E-02
   -2.36 -6.4259E+07  4639.6  8.1307E+03  2.736E-08  6.225E-01  2.580E-02
   -2.22 -6.6204E+07  4740.8  9.7130E+03  3.199E-08  7.832E-01  2.956E-02
   -2.09 -6.8182E+07  4814.9  1.1602E+04  3.762E-08  9.638E-01  3.401E-02
   -1.95 -7.0158E+07  4848.5  1.3872E+04  4.468E-08  1.151E+00  3.936E-02
   -1.82 -7.2117E+07  4873.1  1.6554E+04  5.305E-08  1.363E+00  4.552E-02
   -1.68 -7.4065E+07  4892.2  1.9707E+04  6.291E-08  1.603E+00  5.255E-02
   -1.55 -7.6016E+07  4930.9  2.3386E+04  7.407E-08  1.909E+00  6.045E-02
   -1.41 -7.7984E+07  4975.1  2.7788E+04  8.724E-08  2.285E+00  6.964E-02
   -1.28 -7.9947E+07  4917.1  3.2913E+04  1.046E-07  2.508E+00  7.998E-02
   -1.14 -8.1946E+07  4941.9  3.8138E+04  1.206E-07  2.890E+00  9.016E-02
   -1.01 -8.4059E+07  5072.7  4.4510E+04  1.371E-07  3.662E+00  1.027E-01
   -0.87 -8.6280E+07  5206.6  5.1663E+04  1.550E-07  4.654E+00  1.175E-01
   -0.74 -8.8637E+07  5337.8  5.9038E+04  1.728E-07  5.899E+00  1.351E-01
   -0.60 -9.1163E+07  5423.7  6.6603E+04  1.918E-07  7.138E+00  1.537E-01
   -0.47 -9.3789E+07  5612.0  7.7121E+04  2.146E-07  1.023E+01  1.939E-01
   -0.33 -9.6141E+07  5851.2  9.0925E+04  2.426E-07  1.683E+01  2.746E-01
   -0.20 -9.8128E+07  6086.4  1.0490E+05  2.691E-07  2.819E+01  3.997E-01
   -0.06 -9.9789E+07  6367.9  1.1725E+05  2.874E-07  5.110E+01  6.191E-01
    0.07 -1.0127E+08  6605.5  1.2086E+05  2.855E-07  8.103E+01  8.663E-01
    0.21 -1.0291E+08  6731.7  1.0900E+05  2.526E-07  9.668E+01  9.722E-01
    0.34 -1.0528E+08  6986.9  9.7761E+04  2.181E-07  1.435E+02  1.284E+00
    0.48 -1.0737E+08  7262.4  1.1970E+05  2.568E-07  2.528E+02  2.001E+00
    0.61 -1.0899E+08  7419.5  1.4981E+05  3.144E-07  3.646E+02  2.692E+00
    0.75 -1.1037E+08  7542.3  1.8451E+05  3.809E-07  4.898E+02  3.427E+00
    0.88 -1.1173E+08  7538.7  2.0981E+05  4.334E-07  5.204E+02  3.629E+00
    1.02 -1.1324E+08  7583.2  2.3692E+05  4.880E-07  5.381E+02  3.871E+00
    1.15 -1.1401E+08  9006.1  2.5729E+05  4.393E-07  3.839E+03  1.837E+01
    1.29 -1.1436E+08  9610.7  2.5823E+05  4.063E-07  6.660E+03  3.242E+01
    1.42 -1.1470E+08 10215.2  2.5918E+05  3.759E-07  1.156E+04  5.722E+01
    1.56 -1.1506E+08 10758.6  2.6013E+05  3.504E-07  1.885E+04  9.511E+01
    1.69 -1.1547E+08 10950.3  2.6109E+05  3.415E-07  2.159E+04  1.122E+02
    1.83 -1.1587E+08 11142.1  2.6206E+05  3.328E-07  2.473E+04  1.323E+02
    1.96 -1.1645E+08 11197.8  2.6092E+05  3.285E-07  2.565E+04  1.386E+02
    2.10 -1.1714E+08 11189.9  2.5895E+05  3.263E-07  2.541E+04  1.375E+02
    2.23 -1.1816E+08 11173.5  2.5803E+05  3.259E-07  2.509E+04  1.355E+02
    2.37 -1.1953E+08 11233.2  2.6203E+05  3.281E-07  2.631E+04  1.429E+02
    2.50 -1.2122E+08 11308.5  2.7544E+05  3.415E-07  2.842E+04  1.537E+02
 
  LOG(TAU)    Z        TEMP      P_GAS      DENS      P_ELEC       KAPPA
          64 =NO. OF DEPTH PTS           2 =RAY NUMBER
   -6.00 -6.3521E+06  3655.0  4.4836E+01  1.896E-10  2.977E-03  8.229E-04
   -5.87 -8.3710E+06  3686.5  5.5367E+01  2.325E-10  3.695E-03  8.923E-04
   -5.73 -1.0429E+07  3729.4  6.8548E+01  2.849E-10  4.661E-03  9.762E-04
   -5.60 -1.2509E+07  3764.9  8.5232E+01  3.513E-10  5.836E-03  1.078E-03
   -5.46 -1.4589E+07  3792.8  1.0531E+02  4.313E-10  7.197E-03  1.195E-03
   -5.33 -1.6690E+07  3819.4  1.2823E+02  5.220E-10  8.748E-03  1.324E-03
   -5.19 -1.8843E+07  3843.9  1.5439E+02  6.248E-10  1.051E-02  1.466E-03
   -5.06 -2.1057E+07  3861.0  1.8565E+02  7.485E-10  1.248E-02  1.629E-03
   -4.92 -2.3318E+07  3887.9  2.2377E+02  8.963E-10  1.504E-02  1.822E-03
   -4.79 -2.5608E+07  3925.3  2.7132E+02  1.077E-09  1.843E-02  2.055E-03
   -4.65 -2.7905E+07  3969.5  3.2962E+02  1.294E-09  2.277E-02  2.331E-03
   -4.52 -3.0202E+07  3994.5  3.9911E+02  1.557E-09  2.743E-02  2.647E-03
   -4.38 -3.2497E+07  4029.9  4.8194E+02  1.865E-09  3.334E-02  3.012E-03
   -4.25 -3.4796E+07  4050.6  5.8011E+02  2.233E-09  3.976E-02  3.430E-03
   -4.11 -3.7089E+07  4071.6  6.9872E+02  2.677E-09  4.742E-02  3.917E-03
   -3.98 -3.9375E+07  4096.1  8.4085E+02  3.202E-09  5.672E-02  4.481E-03
   -3.84 -4.1657E+07  4119.9  1.0101E+03  3.825E-09  6.767E-02  5.130E-03
   -3.71 -4.3918E+07  4118.0  1.2200E+03  4.623E-09  7.867E-02  5.894E-03
   -3.57 -4.6120E+07  4114.0  1.4855E+03  5.636E-09  9.161E-02  6.808E-03
   -3.44 -4.8252E+07  4118.8  1.8097E+03  6.859E-09  1.077E-01  7.874E-03
   -3.30 -5.0329E+07  4138.0  2.1915E+03  8.268E-09  1.283E-01  9.100E-03
   -3.17 -5.2379E+07  4174.8  2.6299E+03  9.836E-09  1.552E-01  1.050E-02
   -3.03 -5.4422E+07  4232.6  3.1518E+03  1.163E-08  1.923E-01  1.215E-02
   -2.90 -5.6450E+07  4303.8  3.8015E+03  1.379E-08  2.425E-01  1.415E-02
   -2.76 -5.8446E+07  4389.8  4.6095E+03  1.640E-08  3.106E-01  1.653E-02
   -2.63 -6.0411E+07  4491.0  5.5936E+03  1.945E-08  4.012E-01  1.926E-02
   -2.49 -6.2358E+07  4569.0  6.7498E+03  2.307E-08  5.023E-01  2.231E-02
   -2.36 -6.4299E+07  4644.0  8.0944E+03  2.722E-08  6.222E-01  2.570E-02
   -2.22 -6.6266E+07  4742.3  9.6661E+03  3.183E-08  7.808E-01  2.944E-02
   -2.09 -6.8256E+07  4788.9  1.1512E+04  3.754E-08  9.387E-01  3.388E-02
   -1.95 -7.0249E+07  4819.1  1.3736E+04  4.451E-08  1.116E+00  3.913E-02
   -1.82 -7.2223E+07  4834.5  1.6427E+04  5.306E-08  1.314E+00  4.534E-02
   -1.68 -7.4177E+07  4862.5  1.9632E+04  6.306E-08  1.561E+00  5.245E-02
   -1.55 -7.6119E+07  4912.1  2.3475E+04  7.464E-08  1.886E+00  6.067E-02
   -1.41 -7.8058E+07  4957.5  2.8014E+04  8.826E-08  2.268E+00  7.011E-02
   -1.28 -7.9998E+07  4932.1  3.3006E+04  1.045E-07  2.545E+00  8.017E-02
   -1.14 -8.1998E+07  4935.5  3.8034E+04  1.204E-07  2.868E+00  8.995E-02
   -1.01 -8.4131E+07  5055.5  4.4097E+04  1.363E-07  3.582E+00  1.018E-01
   -0.87 -8.6382E+07  5212.7  5.1397E+04  1.540E-07  4.661E+00  1.172E-01
   -0.74 -8.8734E+07  5385.1  5.9287E+04  1.720E-07  6.238E+00  1.382E-01
   -0.60 -9.1158E+07  5539.9  6.7326E+04  1.898E-07  8.356E+00  1.664E-01
   -0.47 -9.3557E+07  5718.7  7.7109E+04  2.105E-07  1.207E+01  2.140E-01
   -0.33 -9.5818E+07  5890.0  8.8448E+04  2.345E-07  1.771E+01  2.824E-01
   -0.20 -9.7851E+07  6083.3  1.0191E+05  2.615E-07  2.755E+01  3.915E-01
   -0.06 -9.9603E+07  6391.2  1.1126E+05  2.717E-07  5.185E+01  6.211E-01
    0.07 -1.0106E+08  6689.0  1.1814E+05  2.755E-07  9.333E+01  9.571E-01
    0.21 -1.0261E+08  6835.2  1.0944E+05  2.497E-07  1.167E+02  1.117E+00
    0.34 -1.0467E+08  7102.7  9.7894E+04  2.148E-07  1.748E+02  1.488E+00
    0.48 -1.0665E+08  7316.0  1.1153E+05  2.374E-07  2.660E+02  2.066E+00
    0.61 -1.0855E+08  7256.2  1.3966E+05  2.999E-07  2.709E+02  2.140E+00
    0.75 -1.1047E+08  7271.6  1.8927E+05  4.058E-07  3.217E+02  2.512E+00
    0.88 -1.1135E+08  8131.8  2.1178E+05  4.050E-07  1.102E+03  6.743E+00
    1.02 -1.1188E+08  9041.5  2.2504E+05  3.823E-07  3.581E+03  1.786E+01
    1.15 -1.1227E+08  9563.1  2.3133E+05  3.667E-07  6.287E+03  3.020E+01
    1.29 -1.1263E+08  9968.7  2.3544E+05  3.533E-07  9.181E+03  4.463E+01
    1.42 -1.1298E+08 10374.2  2.3963E+05  3.405E-07  1.341E+04  6.596E+01
    1.56 -1.1340E+08 10620.2  2.4022E+05  3.292E-07  1.619E+04  8.226E+01
    1.69 -1.1383E+08 10856.3  2.4058E+05  3.182E-07  1.933E+04  1.015E+02
    1.83 -1.1436E+08 11002.2  2.4317E+05  3.147E-07  2.162E+04  1.157E+02
    1.96 -1.1497E+08 11086.3  2.4735E+05  3.161E-07  2.311E+04  1.247E+02
    2.10 -1.1581E+08 11119.7  2.5118E+05  3.196E-07  2.384E+04  1.287E+02
    2.23 -1.1689E+08 11130.0  2.5484E+05  3.239E-07  2.420E+04  1.303E+02
    2.37 -1.1833E+08 11179.9  2.5729E+05  3.246E-07  2.515E+04  1.361E+02
    2.50 -1.2012E+08 11281.9  2.6769E+05  3.329E-07  2.749E+04  1.494E+02
 
  LOG(TAU)    Z        TEMP      P_GAS      DENS      P_ELEC       KAPPA
          64 =NO. OF DEPTH PTS           3 =RAY NUMBER
   -6.00 -6.4699E+06  3731.1  4.8533E+01  2.010E-10  3.501E-03  8.479E-04
   -5.87 -8.3386E+06  3745.5  5.8640E+01  2.423E-10  4.176E-03  9.139E-04
   -5.73 -1.0287E+07  3775.3  7.1290E+01  2.927E-10  5.094E-03  9.929E-04
   -5.60 -1.2303E+07  3791.7  8.6836E+01  3.554E-10  6.124E-03  1.087E-03
   -5.46 -1.4358E+07  3802.3  1.0587E+02  4.325E-10  7.313E-03  1.198E-03
   -5.33 -1.6461E+07  3824.9  1.2780E+02  5.195E-10  8.783E-03  1.321E-03
   -5.19 -1.8641E+07  3848.5  1.5293E+02  6.182E-10  1.048E-02  1.458E-03
   -5.06 -2.0893E+07  3859.1  1.8343E+02  7.398E-10  1.233E-02  1.618E-03
   -4.92 -2.3194E+07  3880.2  2.2142E+02  8.886E-10  1.477E-02  1.810E-03
   -4.79 -2.5514E+07  3917.2  2.6915E+02  1.070E-09  1.813E-02  2.045E-03
   -4.65 -2.7831E+07  3948.5  3.2741E+02  1.292E-09  2.210E-02  2.320E-03
   -4.52 -3.0140E+07  3975.3  3.9646E+02  1.555E-09  2.668E-02  2.635E-03
   -4.38 -3.2458E+07  4019.0  4.7820E+02  1.855E-09  3.273E-02  2.996E-03
   -4.25 -3.4775E+07  4028.3  5.7637E+02  2.231E-09  3.855E-02  3.412E-03
   -4.11 -3.7084E+07  4046.5  6.9355E+02  2.673E-09  4.579E-02  3.892E-03
   -3.98 -3.9391E+07  4067.6  8.3337E+02  3.196E-09  5.448E-02  4.445E-03
   -3.84 -4.1691E+07  4089.1  1.0037E+03  3.830E-09  6.495E-02  5.095E-03
   -3.71 -4.3959E+07  4087.0  1.2167E+03  4.646E-09  7.557E-02  5.859E-03
   -3.57 -4.6160E+07  4088.7  1.4866E+03  5.675E-09  8.871E-02  6.779E-03
   -3.44 -4.8281E+07  4103.0  1.8161E+03  6.910E-09  1.057E-01  7.866E-03
   -3.30 -5.0346E+07  4133.3  2.1971E+03  8.299E-09  1.277E-01  9.107E-03
   -3.17 -5.2387E+07  4181.8  2.6379E+03  9.849E-09  1.569E-01  1.054E-02
   -3.03 -5.4419E+07  4245.2  3.1645E+03  1.164E-08  1.958E-01  1.222E-02
   -2.90 -5.6436E+07  4316.8  3.8141E+03  1.380E-08  2.467E-01  1.421E-02
   -2.76 -5.8427E+07  4403.8  4.6205E+03  1.638E-08  3.156E-01  1.657E-02
   -2.63 -6.0393E+07  4499.5  5.5945E+03  1.941E-08  4.043E-01  1.925E-02
   -2.49 -6.2346E+07  4566.4  6.7283E+03  2.301E-08  4.999E-01  2.225E-02
   -2.36 -6.4303E+07  4662.1  8.0741E+03  2.704E-08  6.299E-01  2.559E-02
   -2.22 -6.6285E+07  4741.5  9.6524E+03  3.179E-08  7.794E-01  2.940E-02
   -2.09 -6.8278E+07  4776.9  1.1471E+04  3.750E-08  9.274E-01  3.382E-02
   -1.95 -7.0277E+07  4794.2  1.3649E+04  4.446E-08  1.089E+00  3.901E-02
   -1.82 -7.2262E+07  4819.8  1.6325E+04  5.290E-08  1.292E+00  4.515E-02
   -1.68 -7.4236E+07  4835.3  1.9429E+04  6.276E-08  1.514E+00  5.207E-02
   -1.55 -7.6196E+07  4867.0  2.3262E+04  7.465E-08  1.805E+00  6.029E-02
   -1.41 -7.8143E+07  4942.5  2.7912E+04  8.821E-08  2.233E+00  6.991E-02
   -1.28 -8.0089E+07  5009.4  3.3222E+04  1.036E-07  2.727E+00  8.066E-02
   -1.14 -8.2074E+07  5029.5  3.8845E+04  1.206E-07  3.156E+00  9.170E-02
   -1.01 -8.4159E+07  5081.6  4.4721E+04  1.375E-07  3.704E+00  1.031E-01
   -0.87 -8.6391E+07  5210.9  5.1292E+04  1.538E-07  4.646E+00  1.169E-01
   -0.74 -8.8771E+07  5386.3  5.8569E+04  1.698E-07  6.188E+00  1.370E-01
   -0.60 -9.1258E+07  5574.6  6.5479E+04  1.834E-07  8.607E+00  1.677E-01
   -0.47 -9.3713E+07  5755.2  7.5383E+04  2.045E-07  1.263E+01  2.190E-01
   -0.33 -9.5917E+07  5916.1  9.0706E+04  2.394E-07  1.886E+01  2.959E-01
   -0.20 -9.7752E+07  6184.5  1.0355E+05  2.614E-07  3.367E+01  4.519E-01
   -0.06 -9.9219E+07  6518.0  1.1278E+05  2.700E-07  6.631E+01  7.425E-01
    0.07 -1.0044E+08  6819.0  1.2095E+05  2.767E-07  1.190E+02  1.147E+00
    0.21 -1.0134E+08  7346.2  1.2380E+05  2.629E-07  2.815E+02  2.205E+00
    0.34 -1.0201E+08  8065.2  1.2364E+05  2.377E-07  8.449E+02  5.137E+00
    0.48 -1.0253E+08  8472.1  1.1995E+05  2.184E-07  1.375E+03  7.867E+00
    0.61 -1.0307E+08  8833.2  1.1646E+05  2.021E-07  2.117E+03  1.147E+01
    0.75 -1.0377E+08  8785.5  1.1395E+05  1.990E-07  1.983E+03  1.082E+01
    0.88 -1.0477E+08  8610.7  1.1277E+05  2.015E-07  1.608E+03  8.942E+00
    1.02 -1.0626E+08  8567.3  1.2334E+05  2.218E-07  1.598E+03  8.835E+00
    1.15 -1.0770E+08  8943.6  1.4279E+05  2.446E-07  2.652E+03  1.386E+01
    1.29 -1.0881E+08  9397.0  1.6202E+05  2.616E-07  4.547E+03  2.297E+01
    1.42 -1.0968E+08  9816.0  1.8004E+05  2.750E-07  7.139E+03  3.588E+01
    1.56 -1.1044E+08 10194.0  1.9546E+05  2.834E-07  1.035E+04  5.273E+01
    1.69 -1.1117E+08 10529.9  2.0751E+05  2.870E-07  1.403E+04  7.330E+01
    1.83 -1.1192E+08 10792.0  2.1318E+05  2.835E-07  1.732E+04  9.339E+01
    1.96 -1.1279E+08 10926.3  2.2028E+05  2.873E-07  1.941E+04  1.059E+02
    2.10 -1.1379E+08 11059.9  2.3374E+05  2.992E-07  2.199E+04  1.204E+02
    2.23 -1.1498E+08 11118.2  2.4018E+05  3.050E-07  2.323E+04  1.273E+02
    2.37 -1.1654E+08 11149.8  2.4605E+05  3.112E-07  2.404E+04  1.314E+02
    2.50 -1.1854E+08 11208.4  2.5302E+05  3.175E-07  2.539E+04  1.388E+02
 
  LOG(TAU)    Z        TEMP      P_GAS      DENS      P_ELEC       KAPPA
