           3 NO. OF RAYS = No. of atmos
          64 =NO. OF DEPTH PTS           1 =RAY NUMBER
   -8.00  2.2174E+07  4591.6  2.4551E+00  8.280E-12  1.334E-03  6.595E-04
   -7.83  2.1350E+07  4591.6  2.6502E+00  8.938E-12  1.392E-03  6.565E-04
   -7.67  2.0249E+07  4591.6  2.9350E+00  9.899E-12  1.473E-03  6.530E-04
   -7.50  1.8798E+07  4591.6  3.3579E+00  1.132E-11  1.589E-03  6.493E-04
   -7.33  1.6957E+07  4591.6  3.9831E+00  1.343E-11  1.749E-03  6.460E-04
   -7.17  1.4699E+07  4591.6  4.9107E+00  1.656E-11  1.971E-03  6.442E-04
   -7.00  1.2069E+07  4591.6  6.2675E+00  2.114E-11  2.269E-03  6.453E-04
   -6.83  9.1029E+06  4591.6  8.2521E+00  2.783E-11  2.666E-03  6.508E-04
   -6.67  5.8808E+06  4591.6  1.1126E+01  3.752E-11  3.186E-03  6.625E-04
   -6.50  2.4835E+06  4591.6  1.5247E+01  5.142E-11  3.863E-03  6.820E-04
   -6.33 -1.0817E+06  4176.0  2.1986E+01  7.932E-11  2.255E-03  6.132E-04
   -6.17 -3.9787E+06  3651.7  3.2942E+01  1.389E-10  2.298E-03  7.418E-04
   -6.00 -6.5116E+06  3580.9  4.2725E+01  1.845E-10  2.560E-03  8.029E-04
   -5.83 -9.1220E+06  3637.2  5.6293E+01  2.397E-10  3.487E-03  8.941E-04
   -5.67 -1.1736E+07  3716.2  7.5099E+01  3.135E-10  4.935E-03  1.015E-03
   -5.50 -1.4305E+07  3767.1  9.9280E+01  4.094E-10  6.635E-03  1.160E-03
   -5.33 -1.6860E+07  3799.0  1.2803E+02  5.240E-10  8.516E-03  1.322E-03
   -5.17 -1.9462E+07  3845.3  1.6216E+02  6.562E-10  1.096E-02  1.507E-03
   -5.00 -2.2144E+07  3886.0  2.0399E+02  8.172E-10  1.391E-02  1.723E-03
   -4.83 -2.4900E+07  3924.8  2.5639E+02  1.018E-09  1.758E-02  1.983E-03
   -4.67 -2.7702E+07  3977.9  3.2477E+02  1.272E-09  2.271E-02  2.308E-03
   -4.50 -3.0521E+07  4030.8  4.1161E+02  1.592E-09  2.928E-02  2.701E-03
   -4.33 -3.3334E+07  4065.0  5.1976E+02  1.994E-09  3.687E-02  3.173E-03
   -4.17 -3.6148E+07  4088.1  6.5242E+02  2.489E-09  4.563E-02  3.728E-03
   -4.00 -3.8958E+07  4110.9  8.1808E+02  3.104E-09  5.636E-02  4.393E-03
   -3.83 -4.1766E+07  4142.7  1.0258E+03  3.863E-09  7.027E-02  5.191E-03
   -3.67 -4.4541E+07  4143.7  1.2969E+03  4.884E-09  8.515E-02  6.179E-03
   -3.50 -4.7226E+07  4136.8  1.6494E+03  6.223E-09  1.024E-01  7.379E-03
   -3.33 -4.9824E+07  4141.6  2.0905E+03  7.880E-09  1.242E-01  8.797E-03
   -3.17 -5.2369E+07  4173.6  2.6274E+03  9.829E-09  1.548E-01  1.049E-02
   -3.00 -5.4895E+07  4239.9  3.2874E+03  1.211E-08  2.006E-01  1.256E-02
   -2.83 -5.7388E+07  4336.8  4.1601E+03  1.498E-08  2.703E-01  1.522E-02
   -2.67 -5.9823E+07  4456.6  5.2968E+03  1.856E-08  3.715E-01  1.846E-02
   -2.50 -6.2217E+07  4574.9  6.7070E+03  2.289E-08  5.021E-01  2.218E-02
   -2.33 -6.4600E+07  4654.5  8.3914E+03  2.815E-08  6.469E-01  2.644E-02
   -2.17 -6.7016E+07  4774.9  1.0430E+04  3.411E-08  8.539E-01  3.125E-02
   -2.00 -6.9462E+07  4838.8  1.3019E+04  4.201E-08  1.083E+00  3.736E-02
   -1.83 -7.1887E+07  4870.5  1.6214E+04  5.199E-08  1.337E+00  4.475E-02
   -1.67 -7.4294E+07  4896.8  2.0122E+04  6.418E-08  1.637E+00  5.345E-02
   -1.50 -7.6710E+07  4951.0  2.4864E+04  7.843E-08  2.042E+00  6.356E-02
   -1.33 -7.9141E+07  4951.6  3.0738E+04  9.697E-08  2.438E+00  7.565E-02
   -1.17 -8.1588E+07  4929.5  3.7181E+04  1.178E-07  2.801E+00  8.831E-02
   -1.00 -8.4187E+07  5081.2  4.4925E+04  1.381E-07  3.717E+00  1.035E-01
   -0.83 -8.6956E+07  5245.2  5.3818E+04  1.603E-07  4.987E+00  1.223E-01
   -0.67 -8.9947E+07  5382.5  6.2951E+04  1.827E-07  6.514E+00  1.444E-01
   -0.50 -9.3185E+07  5553.9  7.4107E+04  2.084E-07  9.144E+00  1.802E-01
   -0.33 -9.6141E+07  5851.2  9.0925E+04  2.426E-07  1.683E+01  2.746E-01
   -0.17 -9.8544E+07  6138.1  1.0792E+05  2.745E-07  3.159E+01  4.348E-01
    0.00 -1.0049E+08  6488.8  1.1988E+05  2.883E-07  6.493E+01  7.374E-01
    0.17 -1.0238E+08  6720.2  1.1559E+05  2.683E-07  9.766E+01  9.866E-01
    0.33 -1.0514E+08  6968.4  9.7102E+04  2.172E-07  1.385E+02  1.250E+00
    0.50 -1.0768E+08  7307.1  1.2496E+05  2.664E-07  2.778E+02  2.157E+00
    0.67 -1.0957E+08  7457.8  1.6497E+05  3.445E-07  4.066E+02  2.948E+00
    0.83 -1.1123E+08  7606.5  2.0149E+05  4.124E-07  5.647E+02  3.846E+00
    1.00 -1.1315E+08  7412.9  2.3457E+05  4.941E-07  4.249E+02  3.211E+00
    1.17 -1.1405E+08  9077.2  2.5740E+05  4.353E-07  4.096E+03  1.964E+01
    1.33 -1.1448E+08  9824.0  2.5857E+05  3.953E-07  8.090E+03  3.962E+01
    1.50 -1.1491E+08 10570.9  2.5973E+05  3.590E-07  1.598E+04  7.991E+01
    1.67 -1.1540E+08 10916.5  2.6092E+05  3.430E-07  2.108E+04  1.089E+02
    1.83 -1.1590E+08 11153.4  2.6212E+05  3.323E-07  2.493E+04  1.336E+02
    2.00 -1.1664E+08 11196.3  2.6031E+05  3.277E-07  2.559E+04  1.384E+02
    2.17 -1.1766E+08 11176.5  2.5823E+05  3.260E-07  2.515E+04  1.359E+02
    2.33 -1.1917E+08 11213.6  2.6028E+05  3.268E-07  2.588E+04  1.404E+02
    2.50 -1.2122E+08 11308.5  2.7544E+05  3.415E-07  2.842E+04  1.537E+02
 
  LOG(TAU)    Z        TEMP      P_GAS      DENS      P_ELEC       KAPPA
          64 =NO. OF DEPTH PTS           2 =RAY NUMBER
   -8.00  2.2188E+07  4617.9  2.4098E+00  8.081E-12  1.447E-03  6.810E-04
   -7.83  2.1371E+07  4617.9  2.5985E+00  8.714E-12  1.509E-03  6.776E-04
   -7.67  2.0276E+07  4617.9  2.8746E+00  9.640E-12  1.596E-03  6.734E-04
   -7.50  1.8832E+07  4617.9  3.2841E+00  1.101E-11  1.718E-03  6.689E-04
   -7.33  1.6992E+07  4617.9  3.8912E+00  1.305E-11  1.889E-03  6.647E-04
   -7.17  1.4730E+07  4617.9  4.7937E+00  1.607E-11  2.124E-03  6.620E-04
   -7.00  1.2089E+07  4617.9  6.1155E+00  2.051E-11  2.441E-03  6.621E-04
   -6.83  9.1074E+06  4617.9  8.0512E+00  2.700E-11  2.861E-03  6.667E-04
   -6.67  5.8633E+06  4617.9  1.0859E+01  3.641E-11  3.410E-03  6.777E-04
   -6.50  2.4400E+06  4617.9  1.4890E+01  4.993E-11  4.122E-03  6.969E-04
   -6.33 -1.1353E+06  4270.1  2.2840E+01  8.041E-11  2.608E-03  6.241E-04
   -6.17 -3.9419E+06  3724.2  3.4498E+01  1.426E-10  2.600E-03  7.512E-04
   -6.00 -6.3521E+06  3655.0  4.4836E+01  1.896E-10  2.977E-03  8.229E-04
   -5.83 -8.8514E+06  3699.3  5.8280E+01  2.440E-10  3.920E-03  9.112E-04
   -5.67 -1.1407E+07  3746.6  7.5910E+01  3.142E-10  5.183E-03  1.022E-03
   -5.50 -1.3976E+07  3786.2  9.9189E+01  4.069E-10  6.793E-03  1.159E-03
   -5.33 -1.6566E+07  3817.8  1.2680E+02  5.163E-10  8.651E-03  1.316E-03
   -5.17 -1.9230E+07  3847.0  1.5946E+02  6.449E-10  1.083E-02  1.493E-03
   -5.00 -2.1982E+07  3870.3  2.0047E+02  8.064E-10  1.345E-02  1.705E-03
   -4.83 -2.4798E+07  3911.6  2.5330E+02  1.009E-09  1.713E-02  1.968E-03
   -4.67 -2.7634E+07  3963.8  3.2214E+02  1.266E-09  2.220E-02  2.296E-03
   -4.50 -3.0472E+07  3996.7  4.0804E+02  1.591E-09  2.801E-02  2.687E-03
   -4.33 -3.3308E+07  4040.3  5.1447E+02  1.985E-09  3.560E-02  3.152E-03
   -4.17 -3.6146E+07  4062.4  6.4739E+02  2.486E-09  4.408E-02  3.708E-03
   -4.00 -3.8973E+07  4091.5  8.1396E+02  3.103E-09  5.495E-02  4.376E-03
   -3.83 -4.1791E+07  4121.3  1.0212E+03  3.866E-09  6.838E-02  5.171E-03
   -3.67 -4.4572E+07  4116.8  1.2925E+03  4.900E-09  8.227E-02  6.148E-03
   -3.50 -4.7257E+07  4115.6  1.6501E+03  6.258E-09  9.975E-02  7.355E-03
   -3.33 -4.9844E+07  4132.1  2.0972E+03  7.924E-09  1.230E-01  8.799E-03
   -3.17 -5.2379E+07  4174.8  2.6299E+03  9.836E-09  1.552E-01  1.050E-02
   -3.00 -5.4902E+07  4248.0  3.2910E+03  1.210E-08  2.027E-01  1.259E-02
   -2.83 -5.7394E+07  4341.9  4.1608E+03  1.496E-08  2.719E-01  1.523E-02
   -2.67 -5.9836E+07  4461.4  5.2862E+03  1.850E-08  3.726E-01  1.843E-02
   -2.50 -6.2244E+07  4565.5  6.6769E+03  2.283E-08  4.963E-01  2.212E-02
   -2.33 -6.4644E+07  4665.1  8.3568E+03  2.797E-08  6.500E-01  2.632E-02
   -2.17 -6.7084E+07  4764.9  1.0387E+04  3.404E-08  8.445E-01  3.118E-02
   -2.00 -6.9547E+07  4809.2  1.2896E+04  4.187E-08  1.050E+00  3.716E-02
   -1.83 -7.1992E+07  4832.8  1.6089E+04  5.199E-08  1.290E+00  4.457E-02
   -1.67 -7.4406E+07  4868.3  2.0052E+04  6.433E-08  1.596E+00  5.336E-02
   -1.50 -7.6804E+07  4930.5  2.4995E+04  7.918E-08  2.017E+00  6.386E-02
   -1.33 -7.9197E+07  4953.1  3.0947E+04  9.760E-08  2.455E+00  7.607E-02
   -1.17 -8.1640E+07  4929.6  3.7123E+04  1.177E-07  2.798E+00  8.819E-02
   -1.00 -8.4261E+07  5064.9  4.4503E+04  1.373E-07  3.638E+00  1.026E-01
   -0.83 -8.7063E+07  5258.7  5.3576E+04  1.591E-07  5.035E+00  1.222E-01
   -0.67 -9.0008E+07  5464.0  6.3471E+04  1.814E-07  7.226E+00  1.515E-01
   -0.50 -9.3006E+07  5677.8  7.4712E+04  2.055E-07  1.105E+01  2.011E-01
   -0.33 -9.5818E+07  5890.0  8.8448E+04  2.345E-07  1.771E+01  2.824E-01
   -0.17 -9.8291E+07  6138.2  1.0436E+05  2.654E-07  3.098E+01  4.266E-01
    0.00 -1.0031E+08  6552.4  1.1498E+05  2.738E-07  7.144E+01  7.857E-01
    0.17 -1.0210E+08  6799.6  1.1633E+05  2.668E-07  1.131E+02  1.099E+00
    0.33 -1.0454E+08  7074.5  9.7811E+04  2.155E-07  1.666E+02  1.435E+00
    0.50 -1.0699E+08  7335.2  1.1486E+05  2.438E-07  2.785E+02  2.144E+00
    0.67 -1.0939E+08  7134.7  1.5923E+05  3.479E-07  2.374E+02  1.967E+00
    0.83 -1.1116E+08  7810.8  2.0729E+05  4.133E-07  7.271E+02  4.782E+00
    1.00 -1.1182E+08  8934.5  2.2344E+05  3.849E-07  3.117E+03  1.593E+01
    1.17 -1.1231E+08  9610.8  2.3181E+05  3.651E-07  6.573E+03  3.162E+01
    1.33 -1.1275E+08 10111.8  2.3691E+05  3.488E-07  1.049E+04  5.123E+01
    1.50 -1.1323E+08 10523.0  2.4007E+05  3.338E-07  1.506E+04  7.544E+01
    1.67 -1.1375E+08 10814.6  2.4052E+05  3.201E-07  1.873E+04  9.781E+01
    1.83 -1.1440E+08 11007.2  2.4342E+05  3.148E-07  2.170E+04  1.162E+02
    2.00 -1.1521E+08 11098.1  2.4849E+05  3.171E-07  2.336E+04  1.261E+02
    2.17 -1.1635E+08 11127.8  2.5314E+05  3.218E-07  2.408E+04  1.299E+02
    2.33 -1.1794E+08 11158.8  2.5610E+05  3.241E-07  2.474E+04  1.336E+02
    2.50 -1.2012E+08 11281.9  2.6769E+05  3.329E-07  2.749E+04  1.494E+02
 
  LOG(TAU)    Z        TEMP      P_GAS      DENS      P_ELEC       KAPPA
          64 =NO. OF DEPTH PTS           3 =RAY NUMBER
   -8.00  2.2012E+07  4572.8  2.2432E+00  7.597E-12  1.187E-03  6.494E-04
   -7.83  2.1090E+07  4572.8  2.4442E+00  8.277E-12  1.246E-03  6.460E-04
   -7.67  1.9878E+07  4572.8  2.7363E+00  9.266E-12  1.327E-03  6.421E-04
   -7.50  1.8295E+07  4572.8  3.1710E+00  1.074E-11  1.442E-03  6.380E-04
   -7.33  1.6325E+07  4572.8  3.8094E+00  1.290E-11  1.600E-03  6.345E-04
   -7.17  1.3959E+07  4572.8  4.7487E+00  1.608E-11  1.816E-03  6.326E-04
   -7.00  1.1210E+07  4572.8  6.1338E+00  2.077E-11  2.107E-03  6.338E-04
   -6.83  8.1542E+06  4572.8  8.1533E+00  2.761E-11  2.493E-03  6.395E-04
   -6.67  4.8634E+06  4572.8  1.1077E+01  3.751E-11  2.999E-03  6.514E-04
   -6.50  1.4191E+06  4572.8  1.5266E+01  5.170E-11  3.656E-03  6.712E-04
   -6.33 -1.9161E+06  4158.5  2.7817E+01  1.016E-10  2.781E-03  6.500E-04
   -6.17 -4.2845E+06  3792.4  3.8192E+01  1.551E-10  3.030E-03  7.721E-04
   -6.00 -6.4699E+06  3731.1  4.8533E+01  2.010E-10  3.501E-03  8.479E-04
   -5.83 -8.7896E+06  3755.0  6.1469E+01  2.535E-10  4.393E-03  9.317E-04
   -5.67 -1.1229E+07  3783.8  7.8135E+01  3.202E-10  5.555E-03  1.035E-03
   -5.50 -1.3750E+07  3798.7  9.9953E+01  4.086E-10  6.942E-03  1.164E-03
   -5.33 -1.6335E+07  3823.2  1.2645E+02  5.142E-10  8.688E-03  1.314E-03
   -5.17 -1.9032E+07  3851.4  1.5788E+02  6.377E-10  1.080E-02  1.484E-03
   -5.00 -2.1836E+07  3865.3  1.9792E+02  7.972E-10  1.323E-02  1.692E-03
   -4.83 -2.4695E+07  3903.3  2.5112E+02  1.002E-09  1.684E-02  1.957E-03
   -4.67 -2.7559E+07  3946.2  3.2004E+02  1.264E-09  2.163E-02  2.286E-03
   -4.50 -3.0412E+07  3982.6  4.0533E+02  1.587E-09  2.740E-02  2.675E-03
   -4.33 -3.3277E+07  4022.8  5.1078E+02  1.980E-09  3.470E-02  3.136E-03
   -4.17 -3.6134E+07  4036.9  6.4287E+02  2.484E-09  4.256E-02  3.686E-03
   -4.00 -3.8984E+07  4064.2  8.0679E+02  3.097E-09  5.286E-02  4.342E-03
   -3.83 -4.1826E+07  4090.2  1.0148E+03  3.871E-09  6.562E-02  5.137E-03
   -3.67 -4.4613E+07  4086.8  1.2900E+03  4.926E-09  7.914E-02  6.113E-03
   -3.50 -4.7292E+07  4094.7  1.6543E+03  6.306E-09  9.723E-02  7.336E-03
   -3.33 -4.9864E+07  4124.7  2.1032E+03  7.961E-09  1.220E-01  8.802E-03
   -3.17 -5.2387E+07  4181.8  2.6379E+03  9.849E-09  1.569E-01  1.054E-02
   -3.00 -5.4896E+07  4261.2  3.3043E+03  1.211E-08  2.066E-01  1.265E-02
   -2.83 -5.7377E+07  4355.0  4.1724E+03  1.496E-08  2.763E-01  1.527E-02
   -2.67 -5.9816E+07  4473.8  5.2919E+03  1.847E-08  3.772E-01  1.844E-02
   -2.50 -6.2231E+07  4562.9  6.6573E+03  2.278E-08  4.940E-01  2.207E-02
   -2.33 -6.4651E+07  4682.7  8.3357E+03  2.779E-08  6.576E-01  2.621E-02
   -2.17 -6.7104E+07  4759.2  1.0380E+04  3.406E-08  8.404E-01  3.118E-02
   -2.00 -6.9572E+07  4787.9  1.2823E+04  4.182E-08  1.028E+00  3.706E-02
   -1.83 -7.2030E+07  4816.8  1.5992E+04  5.185E-08  1.267E+00  4.440E-02
   -1.67 -7.4467E+07  4836.7  1.9841E+04  6.407E-08  1.542E+00  5.297E-02
   -1.50 -7.6884E+07  4891.1  2.4822E+04  7.927E-08  1.943E+00  6.355E-02
   -1.33 -7.9286E+07  4988.4  3.1007E+04  9.709E-08  2.531E+00  7.621E-02
   -1.17 -8.1720E+07  5026.1  3.7825E+04  1.176E-07  3.079E+00  8.973E-02
   -1.00 -8.4287E+07  5087.2  4.5085E+04  1.384E-07  3.747E+00  1.038E-01
   -0.83 -8.7076E+07  5258.2  5.3328E+04  1.584E-07  5.013E+00  1.218E-01
   -0.67 -9.0077E+07  5481.2  6.2216E+04  1.773E-07  7.280E+00  1.509E-01
   -0.50 -9.3154E+07  5713.9  7.2435E+04  1.979E-07  1.147E+01  2.042E-01
   -0.33 -9.5917E+07  5916.1  9.0706E+04  2.394E-07  1.886E+01  2.959E-01
   -0.17 -9.8132E+07  6263.5  1.0601E+05  2.642E-07  3.963E+01  5.089E-01
    0.00 -9.9820E+07  6650.7  1.1734E+05  2.753E-07  8.663E+01  9.059E-01
    0.17 -1.0114E+08  7133.3  1.2384E+05  2.708E-07  2.031E+02  1.716E+00
    0.33 -1.0197E+08  8027.8  1.2370E+05  2.390E-07  7.996E+02  4.919E+00
    0.50 -1.0262E+08  8543.9  1.1931E+05  2.152E-07  1.498E+03  8.482E+00
    0.67 -1.0336E+08  8813.6  1.1542E+05  2.008E-07  2.060E+03  1.120E+01
    0.83 -1.0436E+08  8694.6  1.1296E+05  1.996E-07  1.775E+03  9.788E+00
    1.00 -1.0608E+08  8528.4  1.2115E+05  2.190E-07  1.512E+03  8.418E+00
    1.17 -1.0786E+08  8992.6  1.4519E+05  2.472E-07  2.825E+03  1.467E+01
    1.33 -1.0914E+08  9551.4  1.6856E+05  2.667E-07  5.400E+03  2.714E+01
    1.50 -1.1015E+08 10046.4  1.8992E+05  2.811E-07  9.021E+03  4.555E+01
    1.67 -1.1104E+08 10483.6  2.0652E+05  2.876E-07  1.352E+04  7.023E+01
    1.83 -1.1196E+08 10807.4  2.1352E+05  2.833E-07  1.754E+04  9.473E+01
    2.00 -1.1305E+08 10962.4  2.2286E+05  2.891E-07  2.004E+04  1.095E+02
    2.17 -1.1440E+08 11100.6  2.3831E+05  3.034E-07  2.286E+04  1.252E+02
    2.33 -1.1613E+08 11144.1  2.4539E+05  3.106E-07  2.392E+04  1.307E+02
    2.50 -1.1854E+08 11208.4  2.5302E+05  3.175E-07  2.539E+04  1.388E+02
 
  LOG(TAU)    Z        TEMP      P_GAS      DENS      P_ELEC       KAPPA
